114 
52 
56 
35 
31 
100 
85 
131 
50 
72 
47 
96 
80 
58 
97 
68 
75 
68 
42 
56 
16 
29 
127 
131 
82 
125 
77 
76 
33 
44 
56 
108 
93 
34 
49 
75 
60 
75 
50 
28 
98 
39 
83 
38 
64 
47 
47 
88 
75 
56 
49 
69 
79 
93 
60 
34 
41 
28 
80 
39 
46 
95 
34 
36 
87 
63 
21 
50 
85 
31 
86 
58 
17 
36 
53 
77 
45 
36 
19 
33 
31 
36 
36 
71 
60 
26 
50 
25 
98 
37 
66 
38 
56 
47 
28 
25 
68 
50 
77 
285 
171 
79 
86 
41 
69 
94 
55 
41 
109 
30 
136 
70 
59 
49 
118 
67 
59 
49 
149 
68 
40 
57 
66 
26 
42 
40 
20 
41 
85 
72 
93 
85 
168 
50 
80 
46 
62 
63 
136 
20 
31 
155 
42 
50 
72 
121 
35 
43 
69 
14 
115 
60 
82 
120 
38 
39 
63 
43 
117 
37 
51 
91 
68 
39 
49 
79 
135 
46 
94 
81 
29 
53 
213 
36 
37 
21 
84 
43 
47 
33 
131 
47 
29 
119 
22 
41 
27 
52 
87 
53 
58 
22 
50 
45 
133 
133 
39 
46 
75 
32 
54 
81 
43 
51 
34 
94 
43 
73 
64 
50 
104 
42 
88 
51 
125 
116 
35 
26 
119 
92 
114 
64 
35 
71 
36 
61 
112 
83 
124 
70 
54 
77 
49 
76 
68 
75 
26 
32 
46 
37 
47 
79 
48 
114 
34 
130 
79 
41 
30 
21 
31 
72 
23 
50 
43 
68 
78 
44 
67 
35 
21 
110 
27 
58 
44 
105 
54 
44 
68 
135 
114 
37 
33 
68 
46 
42 
182 
44 
66 
128 
66 
59 
45 
30 
49 
110 
102 
132 
72 
23 
38 
46 
190 
102 
1148 
137 
53 
114 
139 
37 
95 
42 
62 
72 
45 
57 
150 
50 
22 
32 
57 
164 
73 
54 
10 
47 
43 
55 
144 
47 
35 
24 
42 
57 
134 
32 
42 
112 
60 
55 
49 
31 
140 
38 
48 
82 
138 
56 
53 
33 
30 
87 
72 
34 
120 
75 
67 
73 
174 
33 
41 
53 
48 
83 
34 
41 
46 
117 
99 
69 
34 
37 
41 
66 
48 
110 
46 
33 
40 
32 
49 
49 
44 
72 
31 
27 
33 
22 
65 
29 
48 
54 
20 
45 
63 
110 
44 
37 
32 
20 
56 
61 
104 
71 
67 
102 
54 
32 
45 
27 
42 
37 
70 
62 
40 
55 
112 
62 
22 
23 
87 
169 
55 
64 
37 
30 
43 
63 
109 
84 
114 
49 
23 
89 
45 
53 
54 
57 
169 
58 
35 
17 
34 
41 
24 
53 
39 
30 
52 
20 
73 
60 
118 
39 
36 
151 
38 
48 
67 
28 
42 
36 
80 
38 
81 
92 
25 
150 
77 
40 
87 
59 
884 
59 
103 
133 
46 
67 
99 
148 
63 
29 
52 
128 
56 
38 
68 
72 
34 
44 
99 
173 
55 
368 
37 
115 
126 
51 
33 
82 
134 
60 
35 
45 
106 
55 
46 
48 
44 
44 
223 
90 
56 
156 
68 
133 
44 
151 
101 
63 
43 
24 
43 
85 
1417 
33 
146 
45 
149 
80 
42 
145 
27 
78 
49 
49 
39 
14 
69 
32 
115 
145 
111 
270 
173 
53 
50 
43 
70 
99 
40 
71 
37 
75 
44 
143 
30 
58 
228 
101 
71 
89 
57 
37 
38 
68 
130 
36 
143 
45 
48 
71 
190 
100 
164 
233 
35 
21 
28 
33 
146 
70 
51 
48 
90 
51 
56 
34 
54 
105 
33 
76 
48 
55 
45 
109 
44 
69 
80 
88 
54 
117 
29 
39 
36 
72 
41 
85 
45 
46 
53 
55 
29 
64 
171 
72 
59 
79 
105 
96 
59 
54 
66 
185 
44 
75 
59 
53 
32 
47 
54 
51 
19 
72 
44 
149 
55 
36 
49 
54 
40 
130 
24 
35 
89 
190 
78 
26 
105 
212 
154 
64 
124 
58 
44 
27 
50 
30 
65 
36 
30 
177 
67 
76 
62 
143 
70 
72 
35 
61 
32 
276 
33 
42 
21 
35 
177 
33 
50 
54 
47 
81 
103 
61 
78 
53 
81 
30 
18 
95 
115 
66 
26 
65 
96 
90 
32 
65 
44 
83 
28 
220 
21 
115 
264 
140 
31 
52 
114 
102 
32 
142 
71 
50 
127 
67 
33 
53 
235 
69 
58 
78 
189 
47 
29 
57 
58 
122 
29 
44 
34 
29 
62 
76 
68 
33 
61 
90 
173 
89 
125 
72 
103 
59 
47 
107 
44 
28 
56 
70 
50 
62 
174 
16 
43 
32 
44 
60 
54 
83 
17 
112 
110 
126 
34 
49 
55 
30 
41 
436 
119 
50 
83 
75 
71 
31 
17 
61 
81 
36 
43 
91 
104 
50 
80 
35 
60 
83 
64 
41 
67 
38 
99 
58 
53 
57 
216 
57 
58 
34 
35 
53 
142 
94 
107 
69 
109 
36 
118 
46 
226 
90 
70 
52 
50 
118 
183 
50 
138 
68 
41 
54 
59 
45 
60 
33 
47 
108 
102 
55 
38 
24 
185 
29 
129 
45 
94 
416 
27 
62 
26 
37 
115 
117 
24 
19 
317 
118 
131 
42 
62 
67 
142 
25 
44 
87 
26 
47 
46 
50 
49 
37 
67 
47 
129 
17 
83 
48 
56 
33 
138 
67 
44 
83 
106 
58 
133 
43 
63 
80 
27 
56 
77 
83 
128 
101 
66 
82 
93 
194 
39 
18 
33 
72 
110 
49 
83 
65 
54 
52 
64 
85 
74 
23 
76 
93 
43 
77 
39 
42 
31 
28 
47 
116 
28 
82 
61 
44 
84 
72 
75 
54 
28 
137 
81 
82 
121 
161 
87 
80 
59 
75 
25 
88 
111 
77 
45 
59 
140 
68 
52 
42 
45 
53 
44 
105 
22 
49 
62 
35 
24 
61 
78 
70 
19 
67 
38 
37 
37 
46 
68 
57 
205 
80 
102 
67 
51 
64 
80 
141 
93 
108 
25 
43 
113 
94 
74 
52 
85 
65 
69 
84 
50 
27 
52 
49 
129 
63 
64 
48 
65 
63 
146 
42 
62 
158 
44 
57 
112 
50 
39 
53 
46 
50 
58 
28 
21 
111 
27 
29 
62 
62 
74 
81 
54 
40 
103 
97 
34 
113 
60 
92 
235 
124 
21 
16 
50 
68 
30 
29 
24 
31 
16 
55 
103 
79 
45 
57 
22 
43 
72 
29 
80 
48 
132 
124 
29 
38 
70 
59 
35 
41 
36 
43 
141 
90 
67 
25 
58 
37 
53 
37 
62 
53 
80 
17 
88 
36 
138 
42 
31 
35 
79 
39 
35 
79 
44 
94 
54 
45 
51 
102 
79 
56 
97 
94 
17 
34 
37 
47 
82 
35 
90 
36 
92 
57 
171 
91 
113 
65 
168 
63 
126 
33 
45 
87 
30 
50 
31 
58 
54 
63 
74 
24 
70 
76 
39 
26 
31 
56 
27 
44 
21 
57 
55 
49 
52 
109 
31 
22 
36 
43 
123 
48 
62 
40 
74 
102 
41 
69 
35 
64 
50 
57 
73 
53 
85 
141 
59 
28 
17 
88 
83 
65 
99 
29 
47 
51 
186 
119 
43 
79 
33 
52 
55 
33 
141 
72 
90 
28 
89 
64 
64 
50 
61 
44 
71 
32 
71 
50 
19 
52 
27 
22 
43 
82 
72 
80 
53 
22 
25 
76 
74 
52 
37 
34 
48 
32 
136 
214 
61 
54 
42 
72 
23 
95 
84 
47 
90 
81 
37 
45 
65 
33 
47 
308 
17 
40 
110 
31 
163 
24 
53 
70 
78 
62 
28 
38 
116 
42 
78 
39 
76 
74 
49 
51 
61 
30 
87 
288 
21 
66 
37 
22 
75 
85 
111 
77 
30 
78 
50 
44 
91 
124 
61 
40 
40 
51 
50 
60 
39 
166 
21 
39 
24 
65 
62 
57 
27 
58 
165 
73 
18 
136 
125 
39 
44 
49 
76 
27 
86 
73 
37 
45 
103 
41 
42 
58 
38 
27 
36 
125 
55 
78 
148 
72 
68 
72 
73 
73 
119 
59 
66 
48 
151 
51 
61 
52 
65 
130 
52 
19 
57 
44 
86 
101 
25 
128 
128 
34 
49 
66 
67 
163 
245 
79 
23 
298 
186 
61 
47 
72 
37 
22 
107 
57 
40 
64 
72 
39 
54 
162 
29 
19 
221 
42 
105 
67 
247 
129 
73 
33 
37 
47 
35 
38 
47 
58 
55 
67 
31 
41 
38 
151 
54 
67 
44 
86 
108 
43 
84 
65 
22 
48 
56 
65 
218 
63 
40 
43 
146 
42 
76 
40 
40 
16 
239 
135 
35 
77 
45 
69 
63 
70 
69 
37 
65 
65 
54 
46 
34 
43 
104 
69 
83 
26 
74 
15 
71 
432 
69 
38 
78 
28 
60 
32 
89 
43 
86 
32 
33 
57 
35 
37 
24 
121 
95 
32 
27 
93 
79 
75 
106 
24 
100 
97 
51 
49 
60 
36 
128 
241 
64 
111 
45 
109 
51 
73 
59 
73 
59 
67 
97 
98 
131 
100 
61 
18 
89 
56 
65 
52 
61 
104 
38 
246 
31 
62 
58 
35 
48 
66 
218 
46 
68 
52 
137 
41 
46 
127 
77 
105 
108 
39 
78 
165 
81 
34 
42 
25 
73 
55 
29 
67 
88 
53 
62 
52 
61 
57 
158 
59 
98 
50 
52 
26 
161 
56 
48 
53 
40 
42 
54 
78 
67 
69 
44 
26 
135 
40 
30 
28 
33 
52 
23 
66 
91 
46 
18 
57 
59 
133 
121 
82 
53 
35 
47 
30 
29 
66 
46 
63 
77 
69 
222 
66 
24 
39 
52 
37 
45 
106 
47 
29 
20 
58 
21 
42 
59 
67 
46 
39 
25 
81 
76 
87 
22 
53 
21 
73 
35 
54 
20 
190 
39 
53 
18 
48 
36 
136 
59 
23 
104 
50 
78 
87 
131 
48 
42 
37 
34 
34 
51 
43 
70 
31 
44 
56 
18 
33 
44 
52 
63 
54 
97 
84 
50 
55 
8 
79 
95 
146 
108 
144 
65 
30 
59 
30 
84 
31 
98 
29 
87 
58 
106 
31 
40 
46 
130 
33 
27 
50 
171 
112 
48 
39 
46 
51 
32 
208 
51 
28 
45 
65 
58 
37 
81 
22 
125 
31 
137 
185 
26 
174 
50 
142 
191 
31 
49 
84 
72 
187 
108 
136 
57 
56 
30 
38 
98 
70 
34 
70 
91 
28 
38 
50 
36 
38 
46 
66 
65 
54 
51 
29 
95 
74 
22 
26 
68 
39 
34 
231 
19 
37 
53 
201 
45 
38 
82 
32 
118 
167 
90 
43 
95 
93 
55 
52 
64 
48 
27 
35 
54 
37 
30 
54 
56 
68 
308 
34 
51 
44 
1000 
78 
45 
177 
59 
102 
30 
60 
29 
43 
107 
58 
76 
58 
89 
121 
61 
24 
29 
79 
32 
42 
38 
148 
22 
27 
214 
67 
56 
45 
18 
36 
120 
285 
62 
33 
45 
71 
102 
464 
39 
72 
78 
27 
55 
29 
51 
44 
55 
83 
59 
45 
49 
12 
72 
36 
34 
73 
124 
55 
45 
53 
95 
57 
81 
116 
53 
58 
17 
49 
212 
45 
76 
107 
168 
29 
69 
45 
88 
79 
28 
59 
27 
66 
87 
31 
19 
62 
27 
24 
48 
28 
53 
45 
70 
52 
35 
86 
99 
47 
39 
80 
22 
162 
66 
97 
114 
109 
25 
99 
76 
227 
103 
104 
58 
20 
57 
48 
64 
44 
55 
132 
34 
192 
41 
53 
38 
58 
20 
35 
46 
22 
128 
201 
85 
134 
49 
32 
91 
91 
124 
84 
111 
47 
70 
36 
40 
61 
53 
85 
49 
46 
68 
91 
91 
33 
97 
24 
42 
56 
174 
27 
63 
36 
65 
41 
26 
40 
143 
69 
41 
111 
20 
94 
45 
45 
44 
85 
48 
121 
18 
29 
71 
57 
17 
47 
50 
71 
34 
47 
59 
58 
43 
34 
41 
48 
204 
34 
142 
139 
77 
96 
40 
118 
113 
34 
53 
25 
54 
68 
52 
34 
47 
77 
66 
122 
106 
31 
96 
46 
62 
68 
58 
101 
63 
278 
40 
82 
17 
116 
34 
42 
53 
102 
56 
41 
33 
74 
53 
94 
34 
22 
81 
60 
54 
36 
21 
33 
70 
27 
45 
18 
39 
37 
44 
29 
48 
81 
58 
40 
526 
159 
118 
33 
63 
104 
37 
34 
41 
39 
176 
46 
71 
47 
34 
193 
50 
129 
56 
65 
45 
65 
215 
63 
49 
57 
36 
21 
